
        NAMES |       Tsoulos |      Lepouras |       Vlachos |    Vassilakis | Tryfonopoulos |      Masselos |       Blionas |     Malamatos |  Skiadopoulos |        Politi |   Boucouvalas |       Stavdas |    Moscholios |  Kolokotronis |         Maras |       Wallace |        Platis |  Athanasiadou |     Kaloxylos |         Simos |        Peppas |  Yiannopoulos |       Koutras |       Glentis |        Sagias |      Tselikas | 
      Tsoulos |           1.0 |    0.22994758 |   0.029791355 |    0.31353512 |    0.25061187 |    0.23498575 |    0.18759133 |    0.11117306 |    0.24068238 |    0.18302865 |    0.34512603 |      0.234766 |    0.26994702 |    0.16423975 |    0.26201499 |     0.2132036 |    0.09006382 |     0.7691506 |     0.2829352 |    0.15682858 |    0.38513198 |     0.2000406 |    0.09576519 |    0.15848278 |    0.31447425 |    0.32320237 | 
     Lepouras |    0.22994758 |           1.0 |    0.06728655 |    0.80542535 |    0.34484503 |     0.2238523 |    0.13458283 |    0.09165364 |    0.29672027 |   0.112580165 |     0.3100955 |    0.21876405 |    0.18046737 |    0.18281315 |     0.1013072 |    0.40261146 |    0.18199995 |     0.1549089 |    0.24335371 |    0.17418543 |     0.1617919 |    0.13986252 |     0.1787024 |    0.16784294 |    0.15286475 |    0.28724608 | 
      Vlachos |   0.029791355 |    0.06728655 |           1.0 |     0.2966677 |     0.2998662 |   0.104163535 |    0.04631828 |           0.0 |    0.22298568 |   0.103721276 |    0.22035572 |    0.10291772 |    0.07406284 |    0.06359865 |    0.19948086 |     0.2244833 |    0.06347785 |   0.085455135 |    0.21903029 |    0.20077729 |    0.07300642 |   0.075774565 |           0.0 |    0.10428806 |    0.10494391 |    0.29792064 | 
   Vassilakis |    0.31353512 |    0.80542535 |     0.2966677 |           1.0 |    0.28249407 |     0.2456398 |    0.16648914 |    0.09623238 |    0.28783906 |    0.13367817 |    0.25080946 |     0.2209105 |    0.19960853 |    0.18222035 |   0.100995146 |    0.36341915 |    0.14476699 |    0.16454047 |    0.23536816 |    0.16446246 |    0.14903548 |    0.14626959 |    0.14813675 |    0.17792708 |    0.15184265 |     0.2810895 | 
Tryfonopoulos |    0.25061187 |    0.34484503 |     0.2998662 |    0.28249407 |           1.0 |    0.21089089 |   0.120140605 |     0.1295381 |    0.40906104 |    0.11785303 |    0.23776828 |    0.21268363 |    0.11727399 |    0.21027398 |     0.1287503 |    0.31678855 |    0.19393352 |    0.11645145 |    0.23179524 |    0.14483362 |    0.13793366 |    0.12515256 |    0.14302944 |    0.17147166 |    0.11098865 |    0.22895747 | 
     Masselos |    0.23498575 |     0.2238523 |   0.104163535 |     0.2456398 |    0.21089089 |           1.0 |     0.4218068 |    0.14886394 |     0.2276802 |    0.14139545 |     0.2588267 |    0.16681752 |    0.12578762 |    0.17156476 |    0.14437795 |    0.23506555 |    0.12333065 |    0.17095163 |     0.2157412 |    0.17478707 |    0.21081004 |    0.14477219 |    0.11309608 |    0.23895934 |    0.14427009 |    0.21026517 | 
      Blionas |    0.18759133 |    0.13458283 |    0.04631828 |    0.16648914 |   0.120140605 |     0.4218068 |           1.0 |   0.054264367 |    0.20380269 |    0.12450288 |    0.25097254 |    0.19750898 |    0.17270342 |    0.17748626 |    0.18398312 |    0.24925272 |    0.12721176 |    0.21507704 |    0.29940745 |    0.19513322 |     0.3359331 |     0.2180101 |    0.12208003 |    0.28298238 |    0.19234177 |    0.28134677 | 
    Malamatos |    0.11117306 |    0.09165364 |           0.0 |    0.09623238 |     0.1295381 |    0.14886394 |   0.054264367 |           1.0 |    0.21685737 |   0.060675032 |    0.20838524 |    0.10764454 |    0.15378281 |      0.198509 |    0.10931776 |    0.21744148 |   0.013450136 |    0.14581469 |    0.24168414 |     0.1329143 |    0.16295366 |   0.121098824 |    0.15930848 |    0.16089046 |    0.16445376 |    0.21603024 | 
 Skiadopoulos |    0.24068238 |    0.29672027 |    0.22298568 |    0.28783906 |    0.40906104 |     0.2276802 |    0.20380269 |    0.21685737 |           1.0 |    0.09818832 |     0.2002697 |     0.1475056 |    0.13990578 |    0.16394539 |   0.071513884 |    0.33552772 |    0.15579273 |     0.1200073 |     0.1901657 |    0.18158354 |    0.15000084 |    0.08655318 |    0.17352925 |    0.16989067 |    0.15974097 |       0.23049 | 
       Politi |    0.18302865 |   0.112580165 |   0.103721276 |    0.13367817 |    0.11785303 |    0.14139545 |    0.12450288 |   0.060675032 |    0.09818832 |           1.0 |    0.40671852 |     0.7549511 |    0.39183065 |    0.20576334 |     0.1238056 |     0.3072254 |    0.12361766 |    0.18284942 |    0.30476105 |    0.23050196 |    0.28469363 |     0.3303852 |    0.16650043 |    0.19700359 |    0.33042797 |    0.29663733 | 
  Boucouvalas |    0.34512603 |     0.3100955 |    0.22035572 |    0.25080946 |    0.23776828 |     0.2588267 |    0.25097254 |    0.20838524 |     0.2002697 |    0.40671852 |           1.0 |     0.3182265 |     0.4346553 |    0.20328075 |    0.15893887 |    0.25425574 |     0.1315761 |    0.21781115 |     0.3136193 |    0.18035237 |     0.3008731 |    0.39793116 |    0.15641952 |    0.17193566 |     0.3605094 |    0.39608124 | 
      Stavdas |      0.234766 |    0.21876405 |    0.10291772 |     0.2209105 |    0.21268363 |    0.16681752 |    0.19750898 |    0.10764454 |     0.1475056 |     0.7549511 |     0.3182265 |           1.0 |    0.34120855 |    0.16392969 |   0.095811106 |     0.2686432 |    0.06986609 |    0.24225357 |    0.31003568 |    0.20690306 |    0.21204248 |    0.30595496 |    0.11552749 |    0.19711721 |     0.2589917 |    0.31338492 | 
   Moscholios |    0.26994702 |    0.18046737 |    0.07406284 |    0.19960853 |    0.11727399 |    0.12578762 |    0.17270342 |    0.15378281 |    0.13990578 |    0.39183065 |     0.4346553 |    0.34120855 |           1.0 |    0.22152248 |    0.17761676 |    0.19245054 |    0.09679415 |    0.24865752 |     0.2731725 |    0.22485392 |    0.26685122 |    0.32872576 |    0.15660496 |    0.17682756 |    0.31744742 |     0.3276598 | 
 Kolokotronis |    0.16423975 |    0.18281315 |    0.06359865 |    0.18222035 |    0.21027398 |    0.17156476 |    0.17748626 |      0.198509 |    0.16394539 |    0.20576334 |    0.20328075 |    0.16392969 |    0.22152248 |           1.0 |     0.1515061 |    0.19071706 |   0.082177415 |    0.17940955 |    0.20420426 |    0.24672249 |    0.19151324 |    0.15676169 |     0.1650401 |    0.25523263 |    0.25466973 |    0.18172453 | 
        Maras |    0.26201499 |     0.1013072 |    0.19948086 |   0.100995146 |     0.1287503 |    0.14437795 |    0.18398312 |    0.10931776 |   0.071513884 |     0.1238056 |    0.15893887 |   0.095811106 |    0.17761676 |     0.1515061 |           1.0 |    0.18825841 |    0.03794726 |     0.2019671 |    0.30891076 |    0.18410034 |    0.43146008 |    0.18040225 |    0.18388121 |    0.26999384 |    0.35221255 |    0.17395177 | 
      Wallace |     0.2132036 |    0.40261146 |     0.2244833 |    0.36341915 |    0.31678855 |    0.23506555 |    0.24925272 |    0.21744148 |    0.33552772 |     0.3072254 |    0.25425574 |     0.2686432 |    0.19245054 |    0.19071706 |    0.18825841 |           1.0 |    0.12565905 |     0.1247041 |    0.23460488 |    0.18240725 |    0.15491739 |    0.12630019 |    0.19676732 |    0.21489017 |    0.12044574 |    0.22891423 | 
       Platis |    0.09006382 |    0.18199995 |    0.06347785 |    0.14476699 |    0.19393352 |    0.12333065 |    0.12721176 |   0.013450136 |    0.15579273 |    0.12361766 |     0.1315761 |    0.06986609 |    0.09679415 |   0.082177415 |    0.03794726 |    0.12565905 |           1.0 |   0.102457196 |     0.2888479 |    0.07840353 |    0.12507558 |    0.11473849 |     0.1307383 |    0.12862302 |    0.14922152 |    0.22495629 | 
 Athanasiadou |     0.7691506 |     0.1549089 |   0.085455135 |    0.16454047 |    0.11645145 |    0.17095163 |    0.21507704 |    0.14581469 |     0.1200073 |    0.18284942 |    0.21781115 |    0.24225357 |    0.24865752 |    0.17940955 |     0.2019671 |     0.1247041 |   0.102457196 |           1.0 |    0.25192347 |    0.11771721 |    0.29167908 |    0.25827017 |    0.11434913 |    0.19388899 |     0.2704158 |    0.26831645 | 
    Kaloxylos |     0.2829352 |    0.24335371 |    0.21903029 |    0.23536816 |    0.23179524 |     0.2157412 |    0.29940745 |    0.24168414 |     0.1901657 |    0.30476105 |     0.3136193 |    0.31003568 |     0.2731725 |    0.20420426 |    0.30891076 |    0.23460488 |     0.2888479 |    0.25192347 |           1.0 |    0.14072627 |    0.29914588 |    0.21726745 |    0.08631279 |    0.16705678 |    0.23135537 |    0.35988253 | 
        Simos |    0.15682858 |    0.17418543 |    0.20077729 |    0.16446246 |    0.14483362 |    0.17478707 |    0.19513322 |     0.1329143 |    0.18158354 |    0.23050196 |    0.18035237 |    0.20690306 |    0.22485392 |    0.24672249 |    0.18410034 |    0.18240725 |    0.07840353 |    0.11771721 |    0.14072627 |           1.0 |    0.17883049 |    0.15438636 |    0.14422806 |    0.19356745 |    0.17002292 |    0.18603401 | 
       Peppas |    0.38513198 |     0.1617919 |    0.07300642 |    0.14903548 |    0.13793366 |    0.21081004 |     0.3359331 |    0.16295366 |    0.15000084 |    0.28469363 |     0.3008731 |    0.21204248 |    0.26685122 |    0.19151324 |    0.43146008 |    0.15491739 |    0.12507558 |    0.29167908 |    0.29914588 |    0.17883049 |           1.0 |      0.191578 |   0.077001356 |    0.25094447 |     0.5992975 |      0.331943 | 
 Yiannopoulos |     0.2000406 |    0.13986252 |   0.075774565 |    0.14626959 |    0.12515256 |    0.14477219 |     0.2180101 |   0.121098824 |    0.08655318 |     0.3303852 |    0.39793116 |    0.30595496 |    0.32872576 |    0.15676169 |    0.18040225 |    0.12630019 |    0.11473849 |    0.25827017 |    0.21726745 |    0.15438636 |      0.191578 |           1.0 |     0.1656895 |    0.24145922 |     0.5200268 |    0.30893216 | 
      Koutras |    0.09576519 |     0.1787024 |           0.0 |    0.14813675 |    0.14302944 |    0.11309608 |    0.12208003 |    0.15930848 |    0.17352925 |    0.16650043 |    0.15641952 |    0.11552749 |    0.15660496 |     0.1650401 |    0.18388121 |    0.19676732 |     0.1307383 |    0.11434913 |    0.08631279 |    0.14422806 |   0.077001356 |     0.1656895 |           1.0 |    0.19084772 |    0.11846709 |    0.11542136 | 
      Glentis |    0.15848278 |    0.16784294 |    0.10428806 |    0.17792708 |    0.17147166 |    0.23895934 |    0.28298238 |    0.16089046 |    0.16989067 |    0.19700359 |    0.17193566 |    0.19711721 |    0.17682756 |    0.25523263 |    0.26999384 |    0.21489017 |    0.12862302 |    0.19388899 |    0.16705678 |    0.19356745 |    0.25094447 |    0.24145922 |    0.19084772 |           1.0 |    0.24513705 |    0.17874014 | 
       Sagias |    0.31447425 |    0.15286475 |    0.10494391 |    0.15184265 |    0.11098865 |    0.14427009 |    0.19234177 |    0.16445376 |    0.15974097 |    0.33042797 |     0.3605094 |     0.2589917 |    0.31744742 |    0.25466973 |    0.35221255 |    0.12044574 |    0.14922152 |     0.2704158 |    0.23135537 |    0.17002292 |     0.5992975 |     0.5200268 |    0.11846709 |    0.24513705 |           1.0 |     0.3693143 | 
     Tselikas |    0.32320237 |    0.28724608 |    0.29792064 |     0.2810895 |    0.22895747 |    0.21026517 |    0.28134677 |    0.21603024 |       0.23049 |    0.29663733 |    0.39608124 |    0.31338492 |     0.3276598 |    0.18172453 |    0.17395177 |    0.22891423 |    0.22495629 |    0.26831645 |    0.35988253 |    0.18603401 |      0.331943 |    0.30893216 |    0.11542136 |    0.17874014 |     0.3693143 |           1.0 | 
